0 1.6 93
1 3.2 18
2 4.8 15
3 6.4 91
4 8.0 48
5 9.6 14
6 11.2 23
7 12.8 63
8 14.4 39
9 16.0 12
10 17.6 22
11 19.2 90
12 20.8 80
13 22.4 3
14 24.0 83
15 25.6 46
16 27.2 68
17 28.8 11
18 30.4 97
19 32.0 17
20 33.6 43
21 35.2 87
22 36.8 96
23 38.4 14
24 40.0 89
25 41.6 64
26 43.2 26
27 44.8 19
28 46.4 45
29 48.0 68
30 49.6 41
31 51.2 30
32 52.8 28
33 54.4 57
34 56.0 59
35 57.6 63
36 59.2 86
37 60.8 90
38 62.4 42
39 64.0 65
40 65.6 83
41 67.2 36
42 68.8 12
43 70.4 53
44 72.0 42
45 73.6 76
46 75.2 32
47 76.8 2
48 78.4 80
49 80.0 78
50 81.6 28
51 83.2 77
52 84.8 84
53 86.4 43
54 88.0 66
55 89.6 69
56 91.2 85
57 92.8 72
58 94.4 18
59 96.0 61
60 97.6 70
61 99.2 20
62 100.8 46
63 102.4 10
64 104.0 44
65 105.6 31
66 107.2 89
67 108.8 18
68 110.4 79
69 112.0 1
70 113.6 46
71 115.2 23
72 116.8 55
73 118.4 18
74 120.0 96
75 121.6 24
76 123.2 20
77 124.8 18
78 126.4 72
79 128.0 73
80 129.6 7
81 131.2 85
82 132.8 19
83 134.4 37
84 136.0 31
85 137.6 88
86 139.2 75
87 140.8 8
88 142.4 32
89 144.0 66
90 145.6 11
91 147.2 58
92 148.8 23
93 150.4 89
94 152.0 96
95 153.6 77
96 155.2 93
97 156.8 23
98 158.4 95
99 160.0 95
100 161.6 11
